29
#n a byc byly do falszywy i inny katastrofa ktory moc na naprowadzac oda on po podawac prawdziwy przez samolot sie slychac to tragedia ujawnic uszkodzic wies wladimirem z za
0.0 0.0 0.0 0.0 0.0 0.0 0.0 0.0 0.8 0.0 0.0 0.0 0.0 0.0 1.0 0.0 0.0 0.0 0.4 0.0 0.0 0.0 0.0 0.0 0.0 0.0 0.0 0.4 0.0 154
0.0 0.0 0.0 0.0 0.0 0.0 0.0 0.0 0.0 0.0 0.0 0.0 0.0 0.0 0.0 0.0 0.0 0.0 0.0 0.0 0.0 0.0 0.0 0.0 0.0 0.0 0.0 0.0 0.0 Antoni
0.0 0.0 0.0 0.0 0.0 0.0 0.0 0.0 0.0 0.0 0.0 0.0 0.0 0.0 0.0 0.0 0.0 0.0 0.0 0.0 0.0 0.0 0.0 0.0 0.0 0.0 0.0 0.0 0.0 Blasik
0.0 0.0 0.0 0.0 0.0 0.0 0.0 0.0 0.0 0.0 0.0 0.0 0.0 0.0 0.0 0.0 0.0 0.0 0.0 0.0 0.0 0.0 0.0 0.0 0.0 0.0 0.0 0.0 0.0 Bronislaw
0.0 0.0 0.0 0.0 0.0 0.0 0.0 0.0 0.0 0.0 0.0 0.0 0.0 0.0 0.0 0.0 0.0 0.0 0.0 0.0 0.0 0.0 1.0 0.0 0.0 0.0 0.6 1.0 0.0 Donald
0.0 0.0 0.0 0.0 0.0 1.0 0.0 0.0 0.0 0.0 0.0 0.0 0.0 0.5 0.0 0.0 0.0 0.0 0.0 0.0 0.0 0.0 0.0 0.0 0.0 0.0 0.0 0.0 0.0 Kaczynski
0.0 0.0 0.0 0.0 0.0 0.0 0.0 0.0 0.0 0.0 0.0 0.0 0.0 0.0 0.0 0.0 0.0 0.0 0.0 0.0 0.0 0.0 0.0 0.0 0.0 0.0 0.0 0.0 0.0 Komorowski
0.0 0.0 0.0 0.0 0.0 0.0 0.0 0.0 0.0 0.0 0.0 0.0 0.0 0.0 0.0 0.0 0.0 0.0 0.0 0.0 0.0 0.0 0.0 0.0 0.0 0.0 0.0 0.0 0.0 Krauze
0.0 0.0 0.0 0.0 0.0 0.0 0.0 0.0 0.0 0.0 0.0 0.0 0.0 0.0 0.0 0.0 0.0 0.0 0.0 0.0 0.0 0.0 0.0 0.0 0.0 0.0 0.0 0.0 0.0 Macierewicz
0.0 0.625 0.0 0.0 0.0 0.625 0.0 0.25 0.25 0.0 0.0 0.0 0.0 0.0 0.0 0.0 0.0 0.0 0.0 0.0 0.0 0.625 0.125 0.0 0.0 0.125 0.625 1.0 0.375 Putin
0.0 0.0 0.0 0.38461538461538464 0.0 0.38461538461538464 0.0 0.8461538461538461 0.0 0.0 0.9230769230769231 0.0 0.0 0.23076923076923078 0.5384615384615384 0.0 0.0 0.0 0.0 0.38461538461538464 0.0 0.0 0.0 0.0 0.0 1.0 0.0 0.23076923076923078 0.0 Smolensk
0.0 0.0 0.0 0.0 0.0 0.0 0.0 0.0 0.0 0.0 0.0 0.0 0.0 0.0 0.0 0.0 0.0 0.0 0.0 0.0 0.0 0.0 0.8 0.0 0.0 0.0 0.8 1.0 0.0 Tusk
0.0 0.0 0.0 0.0 0.0 0.0 0.0 0.0 0.0 0.0 0.0 0.0 0.0 0.0 0.0 0.0 0.0 0.0 0.0 0.0 0.0 0.0 0.0 0.0 0.0 0.0 0.0 0.0 0.0 analiza
0.0 0.0 0.0 0.0 0.0 0.0 0.0 0.0 0.0 0.0 0.0 0.0 0.0 0.0 0.0 0.0 0.0 0.0 0.0 0.0 0.0 0.0 0.0 0.0 0.0 0.0 0.0 0.0 0.0 blad
0.0 0.0 0.0 0.0 0.0 0.0 0.0 0.0 0.0 0.0 0.0 0.0 0.0 0.0 0.0 0.0 0.0 0.0 0.0 0.0 0.0 0.0 0.0 0.0 0.0 0.0 0.0 0.0 0.0 bomba
0.0 0.0 0.0 0.0 0.0 0.0 0.0 0.0 0.0 0.0 0.0 0.0 0.0 0.0 0.0 0.0 0.0 0.0 0.0 0.0 0.0 0.0 0.0 0.0 0.0 0.0 0.0 0.0 0.0 brzoza
0.0 0.0 0.0 0.0 0.0 0.0 0.0 0.0 0.0 0.0 0.0 0.0 0.0 0.0 0.0 0.0 0.0 0.0 0.0 0.0 0.0 0.0 0.0 0.0 0.0 0.0 0.0 0.0 0.0 dym
0.0 0.0 0.0 0.0 0.0 0.0 0.0 0.0 0.0 0.0 0.0 0.0 0.0 0.0 0.0 0.0 0.0 0.0 0.0 0.0 0.0 0.0 0.0 0.0 0.0 0.0 0.0 0.0 0.0 ekspert
0.0 0.0 0.0 0.0 0.0 0.0 0.0 0.42857142857142855 0.21428571428571427 0.0 0.35714285714285715 0.0 0.0 0.0 0.35714285714285715 0.0 0.0 0.0 0.0 0.0 0.0 0.0 0.0 0.0 0.0 0.0 0.0 1.0 0.0 film
0.0 0.5 0.0 0.0 0.0 0.75 0.0 0.0 0.0 0.0 0.0 0.0 0.0 0.0 0.0 0.0 0.0 0.0 0.25 0.0 0.0 0.75 0.0 0.0 0.0 0.0 0.0 1.0 0.0 general
0.0 0.0 0.0 0.0 0.0 0.0 0.0 0.0 0.0 0.0 0.0 0.0 0.0 0.0 0.0 0.0 0.0 0.0 0.0 0.0 0.0 0.0 0.0 0.0 0.0 0.0 0.0 0.0 0.0 hanba
0.0 0.0 0.0 0.0 0.0 0.0 0.0 0.0 0.0 0.0 0.0 0.0 0.0 0.0 0.0 0.0 0.0 0.0 0.0 0.0 0.0 0.0 0.0 0.0 0.0 0.0 0.0 0.0 0.0 identyfikacja
0.0 0.0 0.0 0.0 0.0 0.0 0.0 0.0 0.0 0.0 0.0 0.0 0.0 0.0 0.0 0.0 0.0 0.0 0.0 0.0 0.0 0.0 0.0 0.0 0.0 0.0 0.0 0.0 0.0 kabina
0.0 0.2727272727272727 0.45454545454545453 0.0 0.36363636363636365 0.18181818181818182 0.0 0.0 0.09090909090909091 0.0 0.5454545454545454 0.2727272727272727 0.36363636363636365 0.5454545454545454 0.9090909090909091 0.45454545454545453 0.36363636363636365 0.18181818181818182 0.18181818181818182 0.7272727272727273 0.0 0.09090909090909091 0.0 0.2727272727272727 0.0 0.7272727272727273 0.0 1.0 0.45454545454545453 katastrofa
0.0 0.0 0.0 0.0 0.0 0.0 0.0 0.0 0.0 0.0 0.0 0.0 0.0 0.0 0.0 0.0 0.0 0.0 0.0 0.0 0.0 0.0 0.0 0.0 0.0 0.0 0.0 0.0 0.0 klamstwo
0.0 0.0 0.0 0.0 0.0 0.0 0.0 0.0 0.0 0.0 0.0 0.0 0.0 0.0 0.0 0.0 0.0 0.0 0.0 0.0 0.0 0.0 0.0 0.0 0.0 0.0 0.0 0.0 0.0 komisja
0.0 0.0 0.0 0.0 0.0 0.25 0.0 0.0 0.0 0.0 0.0 0.0 0.0 0.0 0.0 0.0 0.0 0.0 0.0 0.0 1.0 0.0 0.0 0.0 0.0 0.75 0.0 0.0 0.0 krzyk
0.0 0.0 0.0 0.0 0.0 0.0 0.0 0.0 0.0 0.0 0.0 0.0 0.0 0.0 0.0 0.0 0.0 0.0 0.0 0.0 0.0 0.0 0.0 0.0 0.0 0.0 0.0 0.0 0.0 krzyz
0.0 0.0 0.0 0.4 0.2 0.0 0.0 0.0 0.0 0.0 0.8 0.4 0.0 0.0 0.8 1.0 0.0 0.8 0.6 0.0 0.0 0.0 0.0 0.0 0.0 0.0 0.0 0.0 0.0 lotnisko
0.0 0.6 0.0 0.2 0.0 0.0 0.0 0.0 0.8 0.6 1.0 0.0 0.0 0.0 0.0 0.0 0.0 0.2 0.0 0.0 0.0 0.0 0.0 0.0 0.0 0.0 0.0 0.2 0.0 mgla
0.0 0.0 0.0 0.0 0.0 0.0 0.0 0.0 0.0 0.0 0.0 0.0 0.0 0.0 0.0 0.0 0.0 0.0 0.0 0.0 0.0 0.0 0.0 0.0 0.0 0.0 0.0 0.0 0.0 nacisk
0.0 0.0 0.0 0.0 0.0 0.0 0.0 0.0 0.0 0.0 0.0 0.0 0.0 0.0 0.0 0.0 0.0 0.0 0.0 0.0 0.0 0.0 0.0 0.0 0.0 0.0 0.0 0.0 0.0 nalega
0.0 0.0 0.0 0.0 0.0 0.0 0.0 0.0 0.0 0.0 0.0 0.0 0.0 0.0 0.0 0.0 0.0 0.0 0.0 0.0 0.0 0.0 0.0 0.0 0.0 0.0 0.0 0.0 0.0 ofiary
0.0 0.0 0.0 0.0 0.0 0.0 0.0 0.0 0.0 0.0 0.0 0.0 0.0 0.0 0.0 0.0 0.0 0.0 0.0 0.0 0.0 0.0 0.0 0.0 0.0 0.0 0.0 0.0 0.0 pancerny
0.7142857142857143 0.0 0.0 0.0 0.0 0.0 0.0 0.0 0.0 0.7142857142857143 0.0 0.0 0.0 0.42857142857142855 0.0 0.0 0.0 0.0 0.14285714285714285 0.0 0.0 0.0 0.0 0.0 0.0 0.2857142857142857 0.0 1.0 0.0 pilot
0.0 1.0 0.0 0.0 0.0 0.0 0.0 0.0 0.0 0.0 0.0 0.0 0.25 0.0 0.0 0.0 0.0 0.0 0.0 0.0 0.0 0.0 0.0 0.0 0.0 0.0 0.0 0.0 0.0 pogoda
0.0 0.0 0.0 0.6 0.0 0.0 0.0 0.0 0.0 0.0 0.8 0.0 0.0 0.6 0.0 0.0 0.0 0.0 0.0 0.0 0.0 0.0 0.0 0.0 0.0 0.0 0.0 1.0 0.0 prezydent
0.0 0.0 0.0 0.0 0.0 0.0 0.0 0.0 0.0 0.0 0.0 0.0 0.0 0.0 0.0 0.0 0.0 0.0 0.0 0.0 0.0 0.0 0.0 0.0 0.0 0.0 0.0 0.0 0.0 prokuratura
0.0 0.0 0.4 0.0 0.3 0.0 0.0 1.0 0.0 0.1 0.5 0.2 0.0 0.8 0.0 0.0 0.5 0.0 0.1 0.0 0.0 0.0 0.5 0.4 0.0 0.0 0.0 0.8 0.0 przyczyny
0.3 0.4 0.0 0.4 0.0 0.2 0.1 0.0 0.7 0.0 0.0 0.0 0.2 0.5 0.0 0.0 0.0 0.0 0.4 0.4 0.0 0.5 0.0 0.0 0.5 1.0 0.0 0.3 0.0 rosja
0.0 0.07142857142857142 0.07142857142857142 0.0 0.0 0.35714285714285715 0.07142857142857142 0.0 0.9285714285714286 0.0 0.0 0.0 0.0 0.0 0.0 0.0 0.0 0.14285714285714285 0.14285714285714285 0.0 0.35714285714285715 0.2857142857142857 0.07142857142857142 0.0 0.0 0.35714285714285715 0.0 1.0 0.0 rosyjski
0.6666666666666666 1.0 0.6666666666666666 0.4166666666666667 0.3333333333333333 0.3333333333333333 0.6666666666666666 0.16666666666666666 0.0 0.4166666666666667 0.25 0.4166666666666667 0.3333333333333333 0.4166666666666667 0.3333333333333333 0.16666666666666666 0.0 0.5833333333333334 0.0 0.6666666666666666 0.0 0.75 0.0 0.0 0.4166666666666667 0.8333333333333334 0.0 0.8333333333333334 0.0 samolot
0.0 0.0 0.0 0.0 0.0 0.0 0.0 0.0 0.0 0.0 0.0 0.0 0.0 0.0 0.0 0.0 0.0 0.0 0.0 0.0 0.0 0.0 0.0 0.0 0.0 0.0 0.0 0.0 0.0 sekcja
0.0 0.0 0.0 0.0 0.8 0.0 0.8 0.0 1.0 0.0 0.0 0.0 1.0 0.6 0.0 0.0 0.0 0.0 1.0 0.0 0.0 0.0 0.0 0.0 0.8 0.0 0.0 1.0 0.6 skrzydlo
0.0 0.0 0.0 0.0 0.0 0.0 0.0 0.0 0.0 0.0 0.0 0.0 0.0 0.0 0.0 0.0 0.0 0.0 0.0 0.0 0.0 0.0 0.0 0.0 0.0 0.0 0.0 0.0 0.0 skrzynka
0.5 0.0 0.0 0.0 0.0 0.8333333333333334 0.0 0.0 0.0 0.0 0.0 0.0 0.0 0.16666666666666666 1.0 0.0 0.0 0.5 0.0 0.0 0.0 0.3333333333333333 0.0 0.0 0.0 0.0 0.0 0.0 0.0 slad
0.0 0.0 0.0 0.0 0.0 0.0 0.0 0.2 0.0 0.0 0.0 0.0 0.0 1.0 0.0 0.0 0.6 0.0 0.0 0.2 0.0 0.0 0.0 0.8 0.0 0.4 0.0 0.8 0.0 sledztwo
0.0 0.7142857142857143 0.0 0.0 0.0 0.14285714285714285 0.0 0.0 0.2857142857142857 0.0 0.0 0.0 0.0 0.0 0.0 0.0 0.0 0.0 0.0 1.0 0.0 0.0 0.0 0.0 0.0 0.0 0.0 1.0 0.0 spis
0.0 0.0 0.0 0.4 0.0 0.0 0.0 0.0 0.0 0.0 0.0 0.0 0.0 0.0 0.0 0.0 0.0 0.0 0.0 0.0 0.0 0.0 0.0 0.0 0.0 0.0 0.0 1.0 0.0 stenogram
0.6 0.0 0.6 0.0 0.0 0.0 0.0 0.0 1.0 0.0 0.6 0.0 0.0 0.0 0.2 0.0 0.0 0.0 0.0 0.0 0.8 0.0 0.0 0.0 0.0 0.0 0.0 0.0 0.0 strzal
0.0 0.0 0.0 0.0 0.0 0.0 0.0 0.0 0.0 0.0 0.0 0.0 0.0 0.0 0.0 0.0 0.0 0.0 0.0 0.0 0.0 0.0 0.0 0.0 0.0 0.0 0.0 0.0 0.0 swiadek
0.0 0.0 0.0 0.0 0.0 0.0 0.0 0.0 0.0 0.0 0.0 0.0 0.0 0.0 0.0 0.0 0.0 0.0 0.0 0.0 0.0 0.0 0.0 0.0 0.0 0.0 0.0 0.0 0.0 trotyl
0.0 0.0 0.1111111111111111 0.0 0.0 0.3333333333333333 0.5555555555555556 0.0 0.7777777777777778 0.5555555555555556 0.2222222222222222 0.0 0.3333333333333333 0.0 0.3333333333333333 0.0 0.0 0.0 0.2222222222222222 1.0 0.0 0.4444444444444444 0.0 0.0 0.0 0.0 0.0 0.6666666666666666 0.3333333333333333 tupolew
0.0 0.0 0.0 0.0 0.0 0.0 0.0 0.0 0.0 0.0 0.0 0.0 0.0 0.0 0.0 0.0 0.0 0.0 0.0 0.0 0.0 0.0 0.0 0.0 0.0 0.0 0.0 0.0 0.0 wieza
0.0 0.0 0.0 0.0 0.0 0.0 0.0 0.0 0.0 0.0 0.0 0.0 0.0 0.0 0.0 0.0 0.0 0.0 0.0 0.0 0.0 0.0 0.0 0.0 0.0 0.0 0.0 0.0 0.0 wrak
0.0 0.0 0.0 0.0 0.0 0.0 0.0 0.0 0.0 0.0 0.0 0.0 0.0 0.0 0.0 0.0 0.0 0.0 0.0 0.0 0.0 0.0 0.0 0.0 0.0 0.0 0.0 0.0 0.0 wybuch
0.4 0.0 0.0 0.0 0.0 0.0 0.0 0.0 0.0 0.0 1.0 0.0 0.0 0.0 1.0 0.0 0.0 1.0 0.0 0.0 0.0 0.8 0.0 0.0 0.0 1.0 0.0 0.0 0.0 zamach
0.0 0.0 0.0 0.0 0.0 0.0 0.0 0.0 0.0 0.0 0.0 0.0 0.0 0.0 0.0 0.0 0.0 0.0 0.0 0.0 0.0 0.0 0.0 0.0 0.0 0.0 0.0 0.0 0.0 zaniedbanie
0.0 0.0 0.0 0.0 0.0 0.0 0.0 0.0 0.0 0.0 0.0 0.0 0.0 0.0 0.0 0.0 0.0 0.0 0.0 0.0 0.0 0.0 0.0 0.0 0.0 0.0 0.0 0.0 0.0 zbrodnia
0.0 0.0 0.0 0.0 0.0 0.0 0.0 0.0 0.0 0.0 0.0 0.0 0.0 0.0 0.0 0.0 0.0 0.0 0.0 0.0 0.0 0.0 0.0 0.0 0.0 0.0 0.0 0.0 0.0 zdrada
